1 - точка старта
2	0	3	16	0.00000000	0.00000000	0.00000000	0.00000000	50.50491700	45.90618720	2.000000	1
4	0	3	16	0.00000000	0.00000000	0.00000000	0.00000000	50.50747040	45.91005390	2.000000	1
6	0	3	16	0.00000000	0.00000000	0.00000000	0.00000000	50.50745750	45.90995590	2.000000	1
8	0	3	16	0.00000000	0.00000000	0.00000000	0.00000000	50.50494500	45.90615120	2.000000	1
10	0	3	16	0.00000000	0.00000000	0.00000000	0.00000000	50.50497310	45.90611530	2.000000	1
12	0	3	16	0.00000000	0.00000000	0.00000000	0.00000000	50.50744460	45.90985800	2.000000	1
14	0	3	16	0.00000000	0.00000000	0.00000000	0.00000000	50.50743170	45.90976000	2.000000	1
16	0	3	16	0.00000000	0.00000000	0.00000000	0.00000000	50.50500110	45.90607940	2.000000	1
точка посадки
